I=12;
B=1;
T=6;
P=5;
S=4;
A=[3, 3, 3, 3, 3, 3, 1, 1, 1, 1, 1, 1];
D=[4, 4, 4, 4, 4, 4, 2, 2, 2, 2, 2, 2];
K=1;
varFi=[[0, 0, 0, 1, 0],[0, 0, 0, 1, 0],[0, 0, 0, 1, 0],[0, 0, 0, 1, 0],[0, 0, 0, 1, 0],[0, 0, 0, 1, 0],[0, 1, 0, 0, 0],[0, 1, 0, 0, 0],[0, 1, 0, 0, 0],[0, 1, 0, 0, 0],[0, 1, 0, 0, 0],[0, 1, 0, 0, 0]];
Omega=[[0, 0, 0, 0, 1],[0, 0, 0, 0, 1],[0, 0, 0, 0, 1],[0, 0, 0, 0, 1],[0, 0, 0, 0, 1],[0, 0, 0, 0, 1],[0, 0, 1, 0, 0],[0, 0, 1, 0, 0],[0, 0, 1, 0, 0],[0, 0, 1, 0, 0],[0, 0, 1, 0, 0],[0, 0, 1, 0, 0]];
RL=[
  [
    [[0, 1, 1, 1, 1], [0, 0, 0, 0, 0], [0, 0, 0, 0, 0], [0, 0, 0, 0, 0], [0, 0, 0, 0, 0], [0, 0, 0, 0, 0]],
    [[0, 0, 1, 1, 1], [0, 0, 0, 0, 0], [0, 0, 0, 0, 0], [0, 0, 0, 0, 0], [0, 0, 0, 0, 0], [0, 0, 0, 0, 0]],
    [[0, 0, 0, 1, 1], [0, 0, 0, 0, 0], [0, 0, 0, 0, 0], [0, 0, 0, 0, 0], [0, 0, 0, 0, 0], [0, 0, 0, 0, 0]],
    [[0, 0, 0, 0, 1], [0, 0, 0, 0, 0], [0, 0, 0, 0, 0], [0, 0, 0, 0, 0], [0, 0, 0, 0, 0], [0, 0, 0, 0, 0]],
    [[0, 0, 0, 0, 0], [0, 0, 0, 0, 0], [0, 0, 0, 0, 0], [0, 0, 0, 0, 0], [0, 0, 0, 0, 0], [0, 0, 0, 0, 0]]
  ],
  [
    [[0, 1, 1, 1, 1], [0, 1, 1, 1, 1], [0, 0, 0, 0, 0], [0, 0, 0, 0, 0], [0, 0, 0, 0, 0], [0, 0, 0, 0, 0]],
    [[0, 0, 1, 1, 1], [0, 0, 1, 1, 1], [0, 0, 0, 0, 0], [0, 0, 0, 0, 0], [0, 0, 0, 0, 0], [0, 0, 0, 0, 0]],
    [[0, 0, 0, 1, 1], [0, 0, 0, 1, 1], [0, 0, 0, 0, 0], [0, 0, 0, 0, 0], [0, 0, 0, 0, 0], [0, 0, 0, 0, 0]],
    [[0, 0, 0, 0, 1], [0, 0, 0, 0, 1], [0, 0, 0, 0, 0], [0, 0, 0, 0, 0], [0, 0, 0, 0, 0], [0, 0, 0, 0, 0]],
    [[0, 0, 0, 0, 0], [0, 0, 0, 0, 0], [0, 0, 0, 0, 0], [0, 0, 0, 0, 0], [0, 0, 0, 0, 0], [0, 0, 0, 0, 0]]
  ],
  [
    [[0, 1, 1, 1, 1], [0, 1, 1, 1, 1], [0, 1, 1, 1, 1], [0, 0, 0, 0, 0], [0, 0, 0, 0, 0], [0, 0, 0, 0, 0]],
    [[0, 0, 1, 1, 1], [0, 0, 1, 1, 1], [0, 0, 1, 1, 1], [0, 0, 0, 0, 0], [0, 0, 0, 0, 0], [0, 0, 0, 0, 0]],
    [[0, 0, 0, 1, 1], [0, 0, 0, 1, 1], [0, 0, 0, 1, 1], [0, 0, 0, 0, 0], [0, 0, 0, 0, 0], [0, 0, 0, 0, 0]],
    [[0, 0, 0, 0, 1], [0, 0, 0, 0, 1], [0, 0, 0, 0, 1], [0, 0, 0, 0, 0], [0, 0, 0, 0, 0], [0, 0, 0, 0, 0]],
    [[0, 0, 0, 0, 0], [0, 0, 0, 0, 0], [0, 0, 0, 0, 0], [0, 0, 0, 0, 0], [0, 0, 0, 0, 0], [0, 0, 0, 0, 0]]
  ],
  [
    [[0, 1, 1, 1, 1], [0, 1, 1, 1, 1], [0, 1, 1, 1, 1], [0, 1, 1, 1, 1], [0, 0, 0, 0, 0], [0, 0, 0, 0, 0]],
    [[0, 0, 1, 1, 1], [0, 0, 1, 1, 1], [0, 0, 1, 1, 1], [0, 0, 1, 1, 1], [0, 0, 0, 0, 0], [0, 0, 0, 0, 0]],
    [[0, 0, 0, 1, 1], [0, 0, 0, 1, 1], [0, 0, 0, 1, 1], [0, 0, 0, 1, 1], [0, 0, 0, 0, 0], [0, 0, 0, 0, 0]],
    [[0, 0, 0, 0, 1], [0, 0, 0, 0, 1], [0, 0, 0, 0, 1], [0, 0, 0, 0, 1], [0, 0, 0, 0, 0], [0, 0, 0, 0, 0]],
    [[0, 0, 0, 0, 0], [0, 0, 0, 0, 0], [0, 0, 0, 0, 0], [0, 0, 0, 0, 0], [0, 0, 0, 0, 0], [0, 0, 0, 0, 0]]
  ],
  [
    [[0, 1, 1, 1, 1], [0, 1, 1, 1, 1], [0, 1, 1, 1, 1], [0, 1, 1, 1, 1], [0, 1, 1, 1, 1], [0, 0, 0, 0, 0]],
    [[0, 0, 1, 1, 1], [0, 0, 1, 1, 1], [0, 0, 1, 1, 1], [0, 0, 1, 1, 1], [0, 0, 1, 1, 1], [0, 0, 0, 0, 0]],
    [[0, 0, 0, 1, 1], [0, 0, 0, 1, 1], [0, 0, 0, 1, 1], [0, 0, 0, 1, 1], [0, 0, 0, 1, 1], [0, 0, 0, 0, 0]],
    [[0, 0, 0, 0, 1], [0, 0, 0, 0, 1], [0, 0, 0, 0, 1], [0, 0, 0, 0, 1], [0, 0, 0, 0, 1], [0, 0, 0, 0, 0]],
    [[0, 0, 0, 0, 0], [0, 0, 0, 0, 0], [0, 0, 0, 0, 0], [0, 0, 0, 0, 0], [0, 0, 0, 0, 0], [0, 0, 0, 0, 0]]
  ],
  [
    [[0, 1, 1, 1, 1], [0, 1, 1, 1, 1], [0, 1, 1, 1, 1], [0, 1, 1, 1, 1], [0, 1, 1, 1, 1], [0, 1, 1, 1, 1]],
    [[0, 0, 1, 1, 1], [0, 0, 1, 1, 1], [0, 0, 1, 1, 1], [0, 0, 1, 1, 1], [0, 0, 1, 1, 1], [0, 0, 1, 1, 1]],
    [[0, 0, 0, 1, 1], [0, 0, 0, 1, 1], [0, 0, 0, 1, 1], [0, 0, 0, 1, 1], [0, 0, 0, 1, 1], [0, 0, 0, 1, 1]],
    [[0, 0, 0, 0, 1], [0, 0, 0, 0, 1], [0, 0, 0, 0, 1], [0, 0, 0, 0, 1], [0, 0, 0, 0, 1], [0, 0, 0, 0, 1]],
    [[0, 0, 0, 0, 0], [0, 0, 0, 0, 0], [0, 0, 0, 0, 0], [0, 0, 0, 0, 0], [0, 0, 0, 0, 0], [0, 0, 0, 0, 0]]
  ]
];
RR=[
  [
    [[0, 0, 0, 0, 0], [0, 0, 0, 0, 0], [0, 0, 0, 0, 0], [0, 0, 0, 0, 0], [0, 0, 0, 0, 0], [0, 0, 0, 0, 0]],
    [[1, 0, 0, 0, 0], [0, 0, 0, 0, 0], [0, 0, 0, 0, 0], [0, 0, 0, 0, 0], [0, 0, 0, 0, 0], [0, 0, 0, 0, 0]],
    [[1, 1, 0, 0, 0], [0, 0, 0, 0, 0], [0, 0, 0, 0, 0], [0, 0, 0, 0, 0], [0, 0, 0, 0, 0], [0, 0, 0, 0, 0]],
    [[1, 1, 1, 0, 0], [0, 0, 0, 0, 0], [0, 0, 0, 0, 0], [0, 0, 0, 0, 0], [0, 0, 0, 0, 0], [0, 0, 0, 0, 0]],
    [[1, 1, 1, 1, 0], [0, 0, 0, 0, 0], [0, 0, 0, 0, 0], [0, 0, 0, 0, 0], [0, 0, 0, 0, 0], [0, 0, 0, 0, 0]]
  ],
  [
    [[0, 0, 0, 0, 0], [0, 0, 0, 0, 0], [0, 0, 0, 0, 0], [0, 0, 0, 0, 0], [0, 0, 0, 0, 0], [0, 0, 0, 0, 0]],
    [[1, 0, 0, 0, 0], [1, 0, 0, 0, 0], [0, 0, 0, 0, 0], [0, 0, 0, 0, 0], [0, 0, 0, 0, 0], [0, 0, 0, 0, 0]],
    [[1, 1, 0, 0, 0], [1, 1, 0, 0, 0], [0, 0, 0, 0, 0], [0, 0, 0, 0, 0], [0, 0, 0, 0, 0], [0, 0, 0, 0, 0]],
    [[1, 1, 1, 0, 0], [1, 1, 1, 0, 0], [0, 0, 0, 0, 0], [0, 0, 0, 0, 0], [0, 0, 0, 0, 0], [0, 0, 0, 0, 0]],
    [[1, 1, 1, 1, 0], [1, 1, 1, 1, 0], [0, 0, 0, 0, 0], [0, 0, 0, 0, 0], [0, 0, 0, 0, 0], [0, 0, 0, 0, 0]]
  ],
  [
    [[0, 0, 0, 0, 0], [0, 0, 0, 0, 0], [0, 0, 0, 0, 0], [0, 0, 0, 0, 0], [0, 0, 0, 0, 0], [0, 0, 0, 0, 0]],
    [[1, 0, 0, 0, 0], [1, 0, 0, 0, 0], [1, 0, 0, 0, 0], [0, 0, 0, 0, 0], [0, 0, 0, 0, 0], [0, 0, 0, 0, 0]],
    [[1, 1, 0, 0, 0], [1, 1, 0, 0, 0], [1, 1, 0, 0, 0], [0, 0, 0, 0, 0], [0, 0, 0, 0, 0], [0, 0, 0, 0, 0]],
    [[1, 1, 1, 0, 0], [1, 1, 1, 0, 0], [1, 1, 1, 0, 0], [0, 0, 0, 0, 0], [0, 0, 0, 0, 0], [0, 0, 0, 0, 0]],
    [[1, 1, 1, 1, 0], [1, 1, 1, 1, 0], [1, 1, 1, 1, 0], [0, 0, 0, 0, 0], [0, 0, 0, 0, 0], [0, 0, 0, 0, 0]]
  ],
  [
    [[0, 0, 0, 0, 0], [0, 0, 0, 0, 0], [0, 0, 0, 0, 0], [0, 0, 0, 0, 0], [0, 0, 0, 0, 0], [0, 0, 0, 0, 0]],
    [[1, 0, 0, 0, 0], [1, 0, 0, 0, 0], [1, 0, 0, 0, 0], [1, 0, 0, 0, 0], [0, 0, 0, 0, 0], [0, 0, 0, 0, 0]],
    [[1, 1, 0, 0, 0], [1, 1, 0, 0, 0], [1, 1, 0, 0, 0], [1, 1, 0, 0, 0], [0, 0, 0, 0, 0], [0, 0, 0, 0, 0]],
    [[1, 1, 1, 0, 0], [1, 1, 1, 0, 0], [1, 1, 1, 0, 0], [1, 1, 1, 0, 0], [0, 0, 0, 0, 0], [0, 0, 0, 0, 0]],
    [[1, 1, 1, 1, 0], [1, 1, 1, 1, 0], [1, 1, 1, 1, 0], [1, 1, 1, 1, 0], [0, 0, 0, 0, 0], [0, 0, 0, 0, 0]]
  ],
  [
    [[0, 0, 0, 0, 0], [0, 0, 0, 0, 0], [0, 0, 0, 0, 0], [0, 0, 0, 0, 0], [0, 0, 0, 0, 0], [0, 0, 0, 0, 0]],
    [[1, 0, 0, 0, 0], [1, 0, 0, 0, 0], [1, 0, 0, 0, 0], [1, 0, 0, 0, 0], [1, 0, 0, 0, 0], [0, 0, 0, 0, 0]],
    [[1, 1, 0, 0, 0], [1, 1, 0, 0, 0], [1, 1, 0, 0, 0], [1, 1, 0, 0, 0], [1, 1, 0, 0, 0], [0, 0, 0, 0, 0]],
    [[1, 1, 1, 0, 0], [1, 1, 1, 0, 0], [1, 1, 1, 0, 0], [1, 1, 1, 0, 0], [1, 1, 1, 0, 0], [0, 0, 0, 0, 0]],
    [[1, 1, 1, 1, 0], [1, 1, 1, 1, 0], [1, 1, 1, 1, 0], [1, 1, 1, 1, 0], [1, 1, 1, 1, 0], [0, 0, 0, 0, 0]]
  ],
  [
    [[0, 0, 0, 0, 0], [0, 0, 0, 0, 0], [0, 0, 0, 0, 0], [0, 0, 0, 0, 0], [0, 0, 0, 0, 0], [0, 0, 0, 0, 0]],
    [[1, 0, 0, 0, 0], [1, 0, 0, 0, 0], [1, 0, 0, 0, 0], [1, 0, 0, 0, 0], [1, 0, 0, 0, 0], [1, 0, 0, 0, 0]],
    [[1, 1, 0, 0, 0], [1, 1, 0, 0, 0], [1, 1, 0, 0, 0], [1, 1, 0, 0, 0], [1, 1, 0, 0, 0], [1, 1, 0, 0, 0]],
    [[1, 1, 1, 0, 0], [1, 1, 1, 0, 0], [1, 1, 1, 0, 0], [1, 1, 1, 0, 0], [1, 1, 1, 0, 0], [1, 1, 1, 0, 0]],
    [[1, 1, 1, 1, 0], [1, 1, 1, 1, 0], [1, 1, 1, 1, 0], [1, 1, 1, 1, 0], [1, 1, 1, 1, 0], [1, 1, 1, 1, 0]]
  ]
];
PsiL=[
  [
    [[0, 0, 0, 0, 0], [0, 0, 0, 0, 0], [0, 0, 0, 0, 0], [0, 0, 0, 0, 0], [0, 0, 0, 0, 0], [0, 0, 0, 0, 0]],
    [[1, 0, 0, 0, 0], [1, 0, 0, 0, 0], [1, 0, 0, 0, 0], [1, 0, 0, 0, 0], [1, 0, 0, 0, 0], [1, 0, 0, 0, 0]],
    [[1, 1, 0, 0, 0], [1, 1, 0, 0, 0], [1, 1, 0, 0, 0], [1, 1, 0, 0, 0], [1, 1, 0, 0, 0], [1, 1, 0, 0, 0]],
    [[1, 1, 1, 0, 0], [1, 1, 1, 0, 0], [1, 1, 1, 0, 0], [1, 1, 1, 0, 0], [1, 1, 1, 0, 0], [1, 1, 1, 0, 0]],
    [[1, 1, 1, 1, 0], [1, 1, 1, 1, 0], [1, 1, 1, 1, 0], [1, 1, 1, 1, 0], [1, 1, 1, 1, 0], [1, 1, 1, 1, 0]]
  ],
  [
    [[0, 0, 0, 0, 0], [0, 0, 0, 0, 0], [0, 0, 0, 0, 0], [0, 0, 0, 0, 0], [0, 0, 0, 0, 0], [0, 0, 0, 0, 0]],
    [[0, 0, 0, 0, 0], [1, 0, 0, 0, 0], [1, 0, 0, 0, 0], [1, 0, 0, 0, 0], [1, 0, 0, 0, 0], [1, 0, 0, 0, 0]],
    [[0, 0, 0, 0, 0], [1, 1, 0, 0, 0], [1, 1, 0, 0, 0], [1, 1, 0, 0, 0], [1, 1, 0, 0, 0], [1, 1, 0, 0, 0]],
    [[0, 0, 0, 0, 0], [1, 1, 1, 0, 0], [1, 1, 1, 0, 0], [1, 1, 1, 0, 0], [1, 1, 1, 0, 0], [1, 1, 1, 0, 0]],
    [[0, 0, 0, 0, 0], [1, 1, 1, 1, 0], [1, 1, 1, 1, 0], [1, 1, 1, 1, 0], [1, 1, 1, 1, 0], [1, 1, 1, 1, 0]]
  ],
  [
    [[0, 0, 0, 0, 0], [0, 0, 0, 0, 0], [0, 0, 0, 0, 0], [0, 0, 0, 0, 0], [0, 0, 0, 0, 0], [0, 0, 0, 0, 0]],
    [[0, 0, 0, 0, 0], [0, 0, 0, 0, 0], [1, 0, 0, 0, 0], [1, 0, 0, 0, 0], [1, 0, 0, 0, 0], [1, 0, 0, 0, 0]],
    [[0, 0, 0, 0, 0], [0, 0, 0, 0, 0], [1, 1, 0, 0, 0], [1, 1, 0, 0, 0], [1, 1, 0, 0, 0], [1, 1, 0, 0, 0]],
    [[0, 0, 0, 0, 0], [0, 0, 0, 0, 0], [1, 1, 1, 0, 0], [1, 1, 1, 0, 0], [1, 1, 1, 0, 0], [1, 1, 1, 0, 0]],
    [[0, 0, 0, 0, 0], [0, 0, 0, 0, 0], [1, 1, 1, 1, 0], [1, 1, 1, 1, 0], [1, 1, 1, 1, 0], [1, 1, 1, 1, 0]]
  ],
  [
    [[0, 0, 0, 0, 0], [0, 0, 0, 0, 0], [0, 0, 0, 0, 0], [0, 0, 0, 0, 0], [0, 0, 0, 0, 0], [0, 0, 0, 0, 0]],
    [[0, 0, 0, 0, 0], [0, 0, 0, 0, 0], [0, 0, 0, 0, 0], [1, 0, 0, 0, 0], [1, 0, 0, 0, 0], [1, 0, 0, 0, 0]],
    [[0, 0, 0, 0, 0], [0, 0, 0, 0, 0], [0, 0, 0, 0, 0], [1, 1, 0, 0, 0], [1, 1, 0, 0, 0], [1, 1, 0, 0, 0]],
    [[0, 0, 0, 0, 0], [0, 0, 0, 0, 0], [0, 0, 0, 0, 0], [1, 1, 1, 0, 0], [1, 1, 1, 0, 0], [1, 1, 1, 0, 0]],
    [[0, 0, 0, 0, 0], [0, 0, 0, 0, 0], [0, 0, 0, 0, 0], [1, 1, 1, 1, 0], [1, 1, 1, 1, 0], [1, 1, 1, 1, 0]]
  ],
  [
    [[0, 0, 0, 0, 0], [0, 0, 0, 0, 0], [0, 0, 0, 0, 0], [0, 0, 0, 0, 0], [0, 0, 0, 0, 0], [0, 0, 0, 0, 0]],
    [[0, 0, 0, 0, 0], [0, 0, 0, 0, 0], [0, 0, 0, 0, 0], [0, 0, 0, 0, 0], [1, 0, 0, 0, 0], [1, 0, 0, 0, 0]],
    [[0, 0, 0, 0, 0], [0, 0, 0, 0, 0], [0, 0, 0, 0, 0], [0, 0, 0, 0, 0], [1, 1, 0, 0, 0], [1, 1, 0, 0, 0]],
    [[0, 0, 0, 0, 0], [0, 0, 0, 0, 0], [0, 0, 0, 0, 0], [0, 0, 0, 0, 0], [1, 1, 1, 0, 0], [1, 1, 1, 0, 0]],
    [[0, 0, 0, 0, 0], [0, 0, 0, 0, 0], [0, 0, 0, 0, 0], [0, 0, 0, 0, 0], [1, 1, 1, 1, 0], [1, 1, 1, 1, 0]]
  ],
  [
    [[0, 0, 0, 0, 0], [0, 0, 0, 0, 0], [0, 0, 0, 0, 0], [0, 0, 0, 0, 0], [0, 0, 0, 0, 0], [0, 0, 0, 0, 0]],
    [[0, 0, 0, 0, 0], [0, 0, 0, 0, 0], [0, 0, 0, 0, 0], [0, 0, 0, 0, 0], [0, 0, 0, 0, 0], [1, 0, 0, 0, 0]],
    [[0, 0, 0, 0, 0], [0, 0, 0, 0, 0], [0, 0, 0, 0, 0], [0, 0, 0, 0, 0], [0, 0, 0, 0, 0], [1, 1, 0, 0, 0]],
    [[0, 0, 0, 0, 0], [0, 0, 0, 0, 0], [0, 0, 0, 0, 0], [0, 0, 0, 0, 0], [0, 0, 0, 0, 0], [1, 1, 1, 0, 0]],
    [[0, 0, 0, 0, 0], [0, 0, 0, 0, 0], [0, 0, 0, 0, 0], [0, 0, 0, 0, 0], [0, 0, 0, 0, 0], [1, 1, 1, 1, 0]]
  ]
];
PsiR=[
  [
    [[0, 1, 1, 1, 1], [0, 1, 1, 1, 1], [0, 1, 1, 1, 1], [0, 1, 1, 1, 1], [0, 1, 1, 1, 1], [0, 1, 1, 1, 1]],
    [[0, 0, 1, 1, 1], [0, 0, 1, 1, 1], [0, 0, 1, 1, 1], [0, 0, 1, 1, 1], [0, 0, 1, 1, 1], [0, 0, 1, 1, 1]],
    [[0, 0, 0, 1, 1], [0, 0, 0, 1, 1], [0, 0, 0, 1, 1], [0, 0, 0, 1, 1], [0, 0, 0, 1, 1], [0, 0, 0, 1, 1]],
    [[0, 0, 0, 0, 1], [0, 0, 0, 0, 1], [0, 0, 0, 0, 1], [0, 0, 0, 0, 1], [0, 0, 0, 0, 1], [0, 0, 0, 0, 1]],
    [[0, 0, 0, 0, 0], [0, 0, 0, 0, 0], [0, 0, 0, 0, 0], [0, 0, 0, 0, 0], [0, 0, 0, 0, 0], [0, 0, 0, 0, 0]]
  ],
  [
    [[0, 0, 0, 0, 0], [0, 1, 1, 1, 1], [0, 1, 1, 1, 1], [0, 1, 1, 1, 1], [0, 1, 1, 1, 1], [0, 1, 1, 1, 1]],
    [[0, 0, 0, 0, 0], [0, 0, 1, 1, 1], [0, 0, 1, 1, 1], [0, 0, 1, 1, 1], [0, 0, 1, 1, 1], [0, 0, 1, 1, 1]],
    [[0, 0, 0, 0, 0], [0, 0, 0, 1, 1], [0, 0, 0, 1, 1], [0, 0, 0, 1, 1], [0, 0, 0, 1, 1], [0, 0, 0, 1, 1]],
    [[0, 0, 0, 0, 0], [0, 0, 0, 0, 1], [0, 0, 0, 0, 1], [0, 0, 0, 0, 1], [0, 0, 0, 0, 1], [0, 0, 0, 0, 1]],
    [[0, 0, 0, 0, 0], [0, 0, 0, 0, 0], [0, 0, 0, 0, 0], [0, 0, 0, 0, 0], [0, 0, 0, 0, 0], [0, 0, 0, 0, 0]]
  ],
  [
    [[0, 0, 0, 0, 0], [0, 0, 0, 0, 0], [0, 1, 1, 1, 1], [0, 1, 1, 1, 1], [0, 1, 1, 1, 1], [0, 1, 1, 1, 1]],
    [[0, 0, 0, 0, 0], [0, 0, 0, 0, 0], [0, 0, 1, 1, 1], [0, 0, 1, 1, 1], [0, 0, 1, 1, 1], [0, 0, 1, 1, 1]],
    [[0, 0, 0, 0, 0], [0, 0, 0, 0, 0], [0, 0, 0, 1, 1], [0, 0, 0, 1, 1], [0, 0, 0, 1, 1], [0, 0, 0, 1, 1]],
    [[0, 0, 0, 0, 0], [0, 0, 0, 0, 0], [0, 0, 0, 0, 1], [0, 0, 0, 0, 1], [0, 0, 0, 0, 1], [0, 0, 0, 0, 1]],
    [[0, 0, 0, 0, 0], [0, 0, 0, 0, 0], [0, 0, 0, 0, 0], [0, 0, 0, 0, 0], [0, 0, 0, 0, 0], [0, 0, 0, 0, 0]]
  ],
  [
    [[0, 0, 0, 0, 0], [0, 0, 0, 0, 0], [0, 0, 0, 0, 0], [0, 1, 1, 1, 1], [0, 1, 1, 1, 1], [0, 1, 1, 1, 1]],
    [[0, 0, 0, 0, 0], [0, 0, 0, 0, 0], [0, 0, 0, 0, 0], [0, 0, 1, 1, 1], [0, 0, 1, 1, 1], [0, 0, 1, 1, 1]],
    [[0, 0, 0, 0, 0], [0, 0, 0, 0, 0], [0, 0, 0, 0, 0], [0, 0, 0, 1, 1], [0, 0, 0, 1, 1], [0, 0, 0, 1, 1]],
    [[0, 0, 0, 0, 0], [0, 0, 0, 0, 0], [0, 0, 0, 0, 0], [0, 0, 0, 0, 1], [0, 0, 0, 0, 1], [0, 0, 0, 0, 1]],
    [[0, 0, 0, 0, 0], [0, 0, 0, 0, 0], [0, 0, 0, 0, 0], [0, 0, 0, 0, 0], [0, 0, 0, 0, 0], [0, 0, 0, 0, 0]]
  ],
  [
    [[0, 0, 0, 0, 0], [0, 0, 0, 0, 0], [0, 0, 0, 0, 0], [0, 0, 0, 0, 0], [0, 1, 1, 1, 1], [0, 1, 1, 1, 1]],
    [[0, 0, 0, 0, 0], [0, 0, 0, 0, 0], [0, 0, 0, 0, 0], [0, 0, 0, 0, 0], [0, 0, 1, 1, 1], [0, 0, 1, 1, 1]],
    [[0, 0, 0, 0, 0], [0, 0, 0, 0, 0], [0, 0, 0, 0, 0], [0, 0, 0, 0, 0], [0, 0, 0, 1, 1], [0, 0, 0, 1, 1]],
    [[0, 0, 0, 0, 0], [0, 0, 0, 0, 0], [0, 0, 0, 0, 0], [0, 0, 0, 0, 0], [0, 0, 0, 0, 1], [0, 0, 0, 0, 1]],
    [[0, 0, 0, 0, 0], [0, 0, 0, 0, 0], [0, 0, 0, 0, 0], [0, 0, 0, 0, 0], [0, 0, 0, 0, 0], [0, 0, 0, 0, 0]]
  ],
  [
    [[0, 0, 0, 0, 0], [0, 0, 0, 0, 0], [0, 0, 0, 0, 0], [0, 0, 0, 0, 0], [0, 0, 0, 0, 0], [0, 1, 1, 1, 1]],
    [[0, 0, 0, 0, 0], [0, 0, 0, 0, 0], [0, 0, 0, 0, 0], [0, 0, 0, 0, 0], [0, 0, 0, 0, 0], [0, 0, 1, 1, 1]],
    [[0, 0, 0, 0, 0], [0, 0, 0, 0, 0], [0, 0, 0, 0, 0], [0, 0, 0, 0, 0], [0, 0, 0, 0, 0], [0, 0, 0, 1, 1]],
    [[0, 0, 0, 0, 0], [0, 0, 0, 0, 0], [0, 0, 0, 0, 0], [0, 0, 0, 0, 0], [0, 0, 0, 0, 0], [0, 0, 0, 0, 1]],
    [[0, 0, 0, 0, 0], [0, 0, 0, 0, 0], [0, 0, 0, 0, 0], [0, 0, 0, 0, 0], [0, 0, 0, 0, 0], [0, 0, 0, 0, 0]]
  ]
];